{
 "cells": [
  {
   "cell_type": "code",
   "execution_count": 1,
   "metadata": {},
   "outputs": [],
   "source": [
    "import os\n",
    "import random\n",
    "import torch\n",
    "import torch.optim as optim\n",
    "import torch.nn as nn\n",
    "import torch.nn.functional as F\n",
    "from torchvision import models, transforms\n",
    "from tqdm import tqdm\n",
    "from torch.utils.data import DataLoader, Dataset\n",
    "from utils import FontSampler\n",
    "import time\n"
   ]
  },
  {
   "cell_type": "code",
   "execution_count": 2,
   "metadata": {},
   "outputs": [],
   "source": [
    "# --------------------------\n",
    "# 配置字体相关路径\n",
    "fonts_dir = \"./font_ds/fonts\"            # 字体文件夹路径\n",
    "text_file = \"./font_ds/cleaned_text.txt\" # 文本文件路径\n",
    "chars_file = \"./font_ds/chars.txt\"                  # 常用字文件路径"
   ]
  },
  {
   "cell_type": "code",
   "execution_count": 3,
   "metadata": {},
   "outputs": [
    {
     "name": "stderr",
     "output_type": "stream",
     "text": [
      "Loading fonts and rendering characters:   0%|          | 0/512 [00:00<?, ?it/s]"
     ]
    },
    {
     "name": "stderr",
     "output_type": "stream",
     "text": [
      "Loading fonts and rendering characters: 100%|██████████| 512/512 [14:58<00:00,  1.75s/it]\n",
      "Loading fonts and rendering characters: 100%|██████████| 56/56 [01:42<00:00,  1.83s/it]\n"
     ]
    }
   ],
   "source": [
    "random.seed(42)\n",
    "\n",
    "# 初始化 FontSampler，同时会将字体分为 train/test 两类\n",
    "sampler = FontSampler(fonts_dir, text_file, chars_file, font_size=76)"
   ]
  },
  {
   "cell_type": "code",
   "execution_count": null,
   "metadata": {},
   "outputs": [],
   "source": [
    "device = torch.device(\"cuda\" if torch.cuda.is_available() else \"cpu\")\n",
    "\n",
    "# --------------------------\n",
    "# 定义模型\n",
    "model = models.resnet34(weights=models.ResNet34_Weights.DEFAULT).to(device)\n",
    "embedding_dim = 128  # 输出嵌入向量的维度\n",
    "hidden_dim = 256     # 隐藏层维度\n",
    "\n",
    "# 修改最后全连接层，直接输出嵌入向量\n",
    "model.fc = nn.Sequential(\n",
    "    nn.Linear(model.fc.in_features, hidden_dim),\n",
    "    nn.ReLU(inplace=True),\n",
    "    nn.Linear(hidden_dim, hidden_dim),\n",
    "    nn.ReLU(inplace=True),\n",
    "    nn.Linear(hidden_dim, embedding_dim)\n",
    ").to(device)"
   ]
  },
  {
   "cell_type": "code",
   "execution_count": null,
   "metadata": {},
   "outputs": [],
   "source": [
    "def compute_loss_and_acc(style_vecs, group_size, alpha = 4.0):\n",
    "    \"\"\"\n",
    "    计算交叉熵损失和准确率。\n",
    "    对于每一行，重新生成一个 tensor，直接去除对角线（即自身的分数）。\n",
    "\n",
    "    :param style_vecs: 向量序列，由模型生成，形状为 [N, embedding_dim]\n",
    "    :param group_size: 每组的大小\n",
    "    :return: loss 和 acc\n",
    "    \"\"\"\n",
    "\n",
    "    # 对 style_vecs 进行 L2 标准化\n",
    "    style_vecs = F.normalize(style_vecs, p=2, dim=1)\n",
    "    \n",
    "    # 计算点积，然后对 0 取 max，再提升到 alpha 次方\n",
    "    dot_prod = torch.matmul(style_vecs, style_vecs.T)\n",
    "    similarity_matrix = torch.clamp(dot_prod, min=1e-8) ** alpha\n",
    "\n",
    "    N = similarity_matrix.size(0)\n",
    "    losses = []\n",
    "    correct = 0\n",
    "\n",
    "    for i in range(N):\n",
    "        row = similarity_matrix[i]  # shape: [N]\n",
    "        # 重新构造一个 tensor，去除自身的分数（第 i 个元素）\n",
    "        new_row = torch.cat((row[:i], row[i+1:]))  # shape: [N-1]\n",
    "        # 对 new_row 进行归一化\n",
    "        new_row = F.normalize(new_row, p=1, dim=0)\n",
    "        \n",
    "        # 构造目标分布：对于当前行所属的组（group_start 到 group_end-1），除去自身，每个目标均为 1/(group_size-1)\n",
    "        target = torch.zeros_like(new_row)\n",
    "        group_start = (i // group_size) * group_size\n",
    "        group_end = group_start + group_size -1\n",
    "        target[group_start:group_end] = 1.0 / (group_size - 1)\n",
    "        \n",
    "        # 计算 KL 散度损失\n",
    "        row_loss = F.kl_div(new_row.log(), target, reduction='sum')\n",
    "        losses.append(row_loss)\n",
    "\n",
    "        # 计算准确率：\n",
    "        # 从 new_row 选取 top-(group_size-1)，如果这些位置对应的原始索引均落在同一组中，则算作正确\n",
    "        topk_indices = new_row.topk(group_size - 1).indices\n",
    "        correct_in_row = ((topk_indices >= group_start) & (topk_indices < group_end)).sum().item()\n",
    "        correct += correct_in_row\n",
    "\n",
    "    loss = torch.stack(losses).mean()\n",
    "    acc = correct / ((group_size - 1) * N)\n",
    "\n",
    "    # 以 1e-3 的概率展示相似度矩阵 softmax\n",
    "    # if random.random() < 1e-3:\n",
    "    #     print(f\"Sim Matrix: {similarity_matrix}\")\n",
    "\n",
    "    return loss, acc"
   ]
  },
  {
   "cell_type": "code",
   "execution_count": 12,
   "metadata": {},
   "outputs": [],
   "source": [
    "# --------------------------\n",
    "# 训练和验证步骤（loss 基于 word2vec 风格的 compute_loss）\n",
    "def train_step(model, epoch, data_loader, optimizer, batch_size, font_size, group_size):\n",
    "    model.train()\n",
    "    total_loss = 0\n",
    "    total_acc = 0\n",
    "    progress_bar = tqdm(data_loader, desc=f'Epoch {epoch + 1} - Training', leave=True)\n",
    "    for batch in progress_bar:\n",
    "        # Flatten the batch into a single tensor\n",
    "        flattened_batch = [img.to(device) for sample in batch for img in sample]  # Flatten the nested list\n",
    "        batch_tensor = torch.stack(flattened_batch).squeeze(1)  # Shape: [total_images_in_batch, C, H, W]\n",
    "\n",
    "        # Pass the entire batch through the model\n",
    "        style_vecs = model(batch_tensor)  # Shape: [total_images_in_batch, embedding_dim]\n",
    "\n",
    "        # Reshape the output to match the expected input shape for compute_loss_and_acc\n",
    "        style_vecs = style_vecs.view(batch_size, font_size * group_size, -1)  # Shape: [batch_size, group_size, embedding_dim]\n",
    "        \n",
    "        # Compute the loss and accuracy\n",
    "        loss, acc = 0, 0\n",
    "        for i in range(batch_size):\n",
    "            sample_loss, sample_acc = compute_loss_and_acc(style_vecs[i], group_size)\n",
    "            loss += sample_loss\n",
    "            acc += sample_acc\n",
    "\n",
    "        loss /= batch_size\n",
    "        acc /= batch_size\n",
    "\n",
    "        # Backpropagation and optimization\n",
    "        optimizer.zero_grad()\n",
    "        loss.backward()\n",
    "        optimizer.step()\n",
    "\n",
    "        total_loss += loss.item()\n",
    "        total_acc += acc\n",
    "        progress_bar.set_postfix(loss=loss.item(), acc=acc)\n",
    "    progress_bar.close()\n",
    "\n",
    "    return total_loss / len(data_loader), total_acc / len(data_loader)\n",
    "\n",
    "def validate(model, data_loader, batch_size, font_size, group_size):\n",
    "    model.eval()\n",
    "    total_loss = 0\n",
    "    total_acc = 0\n",
    "    with torch.no_grad():\n",
    "        progress_bar = tqdm(data_loader, desc=\"Validating\", leave=True)\n",
    "        for batch in progress_bar:\n",
    "            # Flatten the batch into a single tensor\n",
    "            flattened_batch = [img.to(device) for sample in batch for img in sample]  # Flatten the nested list\n",
    "            batch_tensor = torch.stack(flattened_batch).squeeze(1)  # Shape: [total_images_in_batch, C, H, W]\n",
    "\n",
    "            # Pass the entire batch through the model\n",
    "            style_vecs = model(batch_tensor)  # Shape: [total_images_in_batch, embedding_dim]\n",
    "\n",
    "            # Reshape the output to match the expected input shape for compute_loss_and_acc\n",
    "            style_vecs = style_vecs.view(batch_size, font_size * group_size, -1) # Shape: [batch_size, group_size, embedding_dim]\n",
    "            \n",
    "            # Compute the loss and accuracy\n",
    "            loss, acc = 0, 0\n",
    "            for i in range(batch_size):\n",
    "                sample_loss, sample_acc = compute_loss_and_acc(style_vecs[i], group_size)\n",
    "                loss += sample_loss\n",
    "                acc += sample_acc\n",
    "\n",
    "            loss /= batch_size\n",
    "            acc /= batch_size\n",
    "\n",
    "            total_loss += loss.item()\n",
    "            total_acc += acc\n",
    "            progress_bar.set_postfix(loss=loss.item(), acc=acc)\n",
    "        progress_bar.close()\n",
    "\n",
    "    return total_loss / len(data_loader), total_acc / len(data_loader)"
   ]
  },
  {
   "cell_type": "code",
   "execution_count": 7,
   "metadata": {},
   "outputs": [],
   "source": [
    "# Transformations for the image 数据\n",
    "data_transforms = transforms.Compose([\n",
    "    transforms.ToTensor(),  # 转为张量\n",
    "    transforms.Lambda(lambda x: x.repeat(3, 1, 1)),  # 将单通道图像复制为3通道\n",
    "    transforms.Normalize(mean=[0.485, 0.456, 0.406], std=[0.229, 0.224, 0.225])  # ImageNet 标准化\n",
    "])\n",
    "\n",
    "# 定义一个简单的 Dataset 类来处理样本\n",
    "class FontDataset(Dataset):\n",
    "    def __init__(self, batchs, transform=None):\n",
    "        self.batchs = batchs\n",
    "        self.transform = transform\n",
    "\n",
    "    def __len__(self):\n",
    "        return len(self.batchs)\n",
    "\n",
    "    def __getitem__(self, idx):\n",
    "        batch = self.batchs[idx]\n",
    "        if self.transform:\n",
    "            batch = [[self.transform(img) for img in inner_list] for inner_list in batch]\n",
    "        return batch"
   ]
  },
  {
   "cell_type": "code",
   "execution_count": 13,
   "metadata": {},
   "outputs": [],
   "source": [
    "# 定义优化器（只包含 model 参数）\n",
    "optimizer = torch.optim.Adam(model.parameters(), lr=4e-4, betas=(0.9, 0.999), eps=1e-08)\n",
    "\n",
    "# 迭代次数，可根据需求调整\n",
    "num_epochs = 16\n",
    "epoch_length = 64  # 每个 epoch 中的 batch 个数\n",
    "\n",
    "# 假设每次采样返回的样本中，同一字体的样本数等于 sample_cnt，此处作为 group_size\n",
    "font_cnt = 4\n",
    "sample_cnt = 4\n",
    "batch_size = 16  # 每个批次的样本数"
   ]
  },
  {
   "cell_type": "code",
   "execution_count": null,
   "metadata": {},
   "outputs": [
    {
     "name": "stderr",
     "output_type": "stream",
     "text": [
      "Epoch 1 - Collecting val samples:   0%|          | 0/128 [00:00<?, ?it/s]"
     ]
    },
    {
     "name": "stderr",
     "output_type": "stream",
     "text": [
      "Epoch 1 - Collecting val samples: 100%|██████████| 128/128 [00:07<00:00, 17.93it/s]\n",
      "Epoch 1 - Collecting train samples: 100%|██████████| 1024/1024 [01:10<00:00, 14.53it/s]\n",
      "Epoch 1 - Training: 100%|██████████| 64/64 [01:13<00:00,  1.15s/it, acc=0.979, loss=0.134] \n",
      "Validating: 100%|██████████| 8/8 [00:07<00:00,  1.10it/s, acc=0.96, loss=0.186] \n"
     ]
    },
    {
     "name": "stdout",
     "output_type": "stream",
     "text": [
      "Epoch 1/16 - Train Loss: 0.2181, Train Acc: 0.9511, Val Loss: 0.1928, Val Acc: 0.9749\n",
      "Model saved to font_identifier_model(dot)_epoch_1.pth\n"
     ]
    },
    {
     "name": "stderr",
     "output_type": "stream",
     "text": [
      "Epoch 2 - Collecting val samples: 100%|██████████| 128/128 [00:07<00:00, 17.33it/s]\n",
      "Epoch 2 - Collecting train samples: 100%|██████████| 1024/1024 [01:06<00:00, 15.34it/s]\n",
      "Epoch 2 - Training: 100%|██████████| 64/64 [01:21<00:00,  1.27s/it, acc=0.984, loss=0.11]  \n",
      "Validating: 100%|██████████| 8/8 [00:08<00:00,  1.02s/it, acc=0.997, loss=0.0831]\n"
     ]
    },
    {
     "name": "stdout",
     "output_type": "stream",
     "text": [
      "Epoch 2/16 - Train Loss: 0.1240, Train Acc: 0.9797, Val Loss: 0.1580, Val Acc: 0.9834\n",
      "Model saved to font_identifier_model(dot)_epoch_2.pth\n"
     ]
    },
    {
     "name": "stderr",
     "output_type": "stream",
     "text": [
      "Epoch 3 - Collecting val samples: 100%|██████████| 128/128 [00:07<00:00, 17.84it/s]\n",
      "Epoch 3 - Collecting train samples: 100%|██████████| 1024/1024 [01:04<00:00, 15.86it/s]\n",
      "Epoch 3 - Training: 100%|██████████| 64/64 [01:02<00:00,  1.02it/s, acc=0.98, loss=0.133]  \n",
      "Validating: 100%|██████████| 8/8 [00:06<00:00,  1.20it/s, acc=0.987, loss=0.149]\n"
     ]
    },
    {
     "name": "stdout",
     "output_type": "stream",
     "text": [
      "Epoch 3/16 - Train Loss: 0.1030, Train Acc: 0.9852, Val Loss: 0.1626, Val Acc: 0.9831\n",
      "Model saved to font_identifier_model(dot)_epoch_3.pth\n"
     ]
    },
    {
     "name": "stderr",
     "output_type": "stream",
     "text": [
      "Epoch 4 - Collecting val samples: 100%|██████████| 128/128 [00:07<00:00, 16.40it/s]\n",
      "Epoch 4 - Collecting train samples: 100%|██████████| 1024/1024 [01:11<00:00, 14.33it/s]\n",
      "Epoch 4 - Training: 100%|██████████| 64/64 [00:57<00:00,  1.12it/s, acc=0.996, loss=0.0526]\n",
      "Validating: 100%|██████████| 8/8 [00:07<00:00,  1.13it/s, acc=0.97, loss=0.0932] \n"
     ]
    },
    {
     "name": "stdout",
     "output_type": "stream",
     "text": [
      "Epoch 4/16 - Train Loss: 0.0972, Train Acc: 0.9872, Val Loss: 0.1243, Val Acc: 0.9870\n",
      "Model saved to font_identifier_model(dot)_epoch_4.pth\n"
     ]
    },
    {
     "name": "stderr",
     "output_type": "stream",
     "text": [
      "Epoch 5 - Collecting val samples: 100%|██████████| 128/128 [00:07<00:00, 16.24it/s]\n",
      "Epoch 5 - Collecting train samples: 100%|██████████| 1024/1024 [01:12<00:00, 14.22it/s]\n",
      "Epoch 5 - Training: 100%|██████████| 64/64 [00:55<00:00,  1.15it/s, acc=0.993, loss=0.0848]\n",
      "Validating: 100%|██████████| 8/8 [00:06<00:00,  1.32it/s, acc=0.993, loss=0.113] \n"
     ]
    },
    {
     "name": "stdout",
     "output_type": "stream",
     "text": [
      "Epoch 5/16 - Train Loss: 0.0821, Train Acc: 0.9915, Val Loss: 0.1212, Val Acc: 0.9863\n",
      "Model saved to font_identifier_model(dot)_epoch_5.pth\n"
     ]
    },
    {
     "name": "stderr",
     "output_type": "stream",
     "text": [
      "Epoch 6 - Collecting val samples: 100%|██████████| 128/128 [00:07<00:00, 17.60it/s]\n",
      "Epoch 6 - Collecting train samples: 100%|██████████| 1024/1024 [01:05<00:00, 15.73it/s]\n",
      "Epoch 6 - Training:  78%|███████▊  | 50/64 [00:46<00:12,  1.15it/s, acc=0.997, loss=0.0603]"
     ]
    },
    {
     "name": "stdout",
     "output_type": "stream",
     "text": [
      "Sim Matrix: tensor([[1.0000e+00, 7.0976e-01, 8.4931e-01, 8.5145e-01, 1.0000e-32, 1.0000e-32,\n",
      "         1.0000e-32, 1.0000e-32, 1.2949e-06, 7.8200e-08, 1.7406e-05, 1.3287e-04,\n",
      "         1.0000e-32, 1.0000e-32, 1.0000e-32, 1.0000e-32],\n",
      "        [7.0976e-01, 1.0000e+00, 8.0257e-01, 9.0793e-01, 1.0000e-32, 1.0000e-32,\n",
      "         1.0000e-32, 1.0000e-32, 5.9786e-05, 3.3558e-05, 2.6500e-04, 5.7954e-04,\n",
      "         1.0000e-32, 1.0000e-32, 1.0000e-32, 1.0000e-32],\n",
      "        [8.4931e-01, 8.0257e-01, 1.0000e+00, 8.3882e-01, 1.0000e-32, 1.0000e-32,\n",
      "         1.0000e-32, 1.0000e-32, 3.2130e-05, 6.1000e-06, 1.3413e-04, 7.4129e-04,\n",
      "         1.0000e-32, 1.0000e-32, 1.0000e-32, 1.0000e-32],\n",
      "        [8.5145e-01, 9.0793e-01, 8.3882e-01, 1.0000e+00, 1.0000e-32, 1.0000e-32,\n",
      "         1.0000e-32, 1.0000e-32, 4.3327e-05, 1.8589e-05, 2.0020e-04, 5.1922e-04,\n",
      "         1.0000e-32, 1.0000e-32, 1.0000e-32, 1.0000e-32],\n",
      "        [1.0000e-32, 1.0000e-32, 1.0000e-32, 1.0000e-32, 1.0000e+00, 8.6389e-01,\n",
      "         9.2612e-01, 7.5611e-01, 1.0000e-32, 1.0000e-32, 1.0000e-32, 1.0000e-32,\n",
      "         2.5054e-01, 4.5889e-01, 2.6842e-01, 2.3731e-01],\n",
      "        [1.0000e-32, 1.0000e-32, 1.0000e-32, 1.0000e-32, 8.6389e-01, 1.0000e+00,\n",
      "         8.3860e-01, 6.5482e-01, 1.0000e-32, 1.0000e-32, 1.0000e-32, 1.0000e-32,\n",
      "         2.4997e-01, 3.9622e-01, 2.3115e-01, 2.4721e-01],\n",
      "        [1.0000e-32, 1.0000e-32, 1.0000e-32, 1.0000e-32, 9.2612e-01, 8.3860e-01,\n",
      "         1.0000e+00, 8.0892e-01, 1.0000e-32, 1.0000e-32, 1.0000e-32, 1.0000e-32,\n",
      "         4.1681e-01, 6.0690e-01, 4.1130e-01, 3.6830e-01],\n",
      "        [1.0000e-32, 1.0000e-32, 1.0000e-32, 1.0000e-32, 7.5611e-01, 6.5482e-01,\n",
      "         8.0892e-01, 1.0000e+00, 1.0000e-32, 1.0000e-32, 1.0000e-32, 1.0000e-32,\n",
      "         2.2466e-01, 3.0708e-01, 1.8612e-01, 1.3893e-01],\n",
      "        [1.2949e-06, 5.9786e-05, 3.2130e-05, 4.3327e-05, 1.0000e-32, 1.0000e-32,\n",
      "         1.0000e-32, 1.0000e-32, 1.0000e+00, 8.8948e-01, 9.2843e-01, 7.6653e-01,\n",
      "         4.5513e-03, 8.2000e-06, 6.4519e-04, 1.8159e-04],\n",
      "        [7.8200e-08, 3.3558e-05, 6.1000e-06, 1.8589e-05, 1.0000e-32, 1.0000e-32,\n",
      "         1.0000e-32, 1.0000e-32, 8.8948e-01, 1.0000e+00, 8.2871e-01, 6.3237e-01,\n",
      "         1.8964e-03, 2.4596e-09, 1.4605e-04, 1.3361e-05],\n",
      "        [1.7406e-05, 2.6500e-04, 1.3413e-04, 2.0020e-04, 1.0000e-32, 1.0000e-32,\n",
      "         1.0000e-32, 1.0000e-32, 9.2843e-01, 8.2871e-01, 1.0000e+00, 8.1908e-01,\n",
      "         1.7307e-03, 1.0000e-32, 6.1928e-05, 5.1121e-06],\n",
      "        [1.3287e-04, 5.7954e-04, 7.4129e-04, 5.1922e-04, 1.0000e-32, 1.0000e-32,\n",
      "         1.0000e-32, 1.0000e-32, 7.6653e-01, 6.3237e-01, 8.1908e-01, 1.0000e+00,\n",
      "         1.2322e-03, 4.3440e-07, 1.8843e-04, 3.6378e-05],\n",
      "        [1.0000e-32, 1.0000e-32, 1.0000e-32, 1.0000e-32, 2.5054e-01, 2.4997e-01,\n",
      "         4.1681e-01, 2.2466e-01, 4.5513e-03, 1.8964e-03, 1.7307e-03, 1.2322e-03,\n",
      "         1.0000e+00, 7.1691e-01, 7.8030e-01, 6.9965e-01],\n",
      "        [1.0000e-32, 1.0000e-32, 1.0000e-32, 1.0000e-32, 4.5889e-01, 3.9622e-01,\n",
      "         6.0690e-01, 3.0708e-01, 8.2000e-06, 2.4596e-09, 1.0000e-32, 4.3440e-07,\n",
      "         7.1691e-01, 1.0000e+00, 8.9167e-01, 8.6812e-01],\n",
      "        [1.0000e-32, 1.0000e-32, 1.0000e-32, 1.0000e-32, 2.6842e-01, 2.3115e-01,\n",
      "         4.1130e-01, 1.8612e-01, 6.4519e-04, 1.4605e-04, 6.1928e-05, 1.8843e-04,\n",
      "         7.8030e-01, 8.9167e-01, 1.0000e+00, 8.9946e-01],\n",
      "        [1.0000e-32, 1.0000e-32, 1.0000e-32, 1.0000e-32, 2.3731e-01, 2.4721e-01,\n",
      "         3.6830e-01, 1.3893e-01, 1.8159e-04, 1.3361e-05, 5.1121e-06, 3.6378e-05,\n",
      "         6.9965e-01, 8.6812e-01, 8.9946e-01, 1.0000e+00]], device='cuda:0',\n",
      "       grad_fn=<PowBackward0>)\n"
     ]
    },
    {
     "name": "stderr",
     "output_type": "stream",
     "text": [
      "Epoch 6 - Training: 100%|██████████| 64/64 [00:58<00:00,  1.09it/s, acc=1, loss=0.06]      \n",
      "Validating:  38%|███▊      | 3/8 [00:02<00:04,  1.14it/s, acc=0.988, loss=0.187]"
     ]
    },
    {
     "name": "stdout",
     "output_type": "stream",
     "text": [
      "Sim Matrix: tensor([[1.0000e+00, 9.7976e-01, 9.5051e-01, 9.7013e-01, 3.0918e-02, 2.6171e-02,\n",
      "         2.7172e-03, 6.2867e-02, 1.7565e-02, 2.6259e-02, 2.2498e-02, 1.6956e-02,\n",
      "         1.0000e-32, 1.0000e-32, 3.7003e-09, 1.0000e-32],\n",
      "        [9.7976e-01, 1.0000e+00, 9.8950e-01, 9.8380e-01, 4.0401e-02, 2.7584e-02,\n",
      "         3.3181e-03, 7.5116e-02, 1.5917e-02, 2.4609e-02, 2.1254e-02, 1.5634e-02,\n",
      "         1.0000e-32, 1.0000e-32, 8.6679e-08, 1.0000e-32],\n",
      "        [9.5051e-01, 9.8950e-01, 1.0000e+00, 9.7722e-01, 5.7302e-02, 3.6782e-02,\n",
      "         5.7555e-03, 9.8028e-02, 1.4393e-02, 2.3456e-02, 2.0103e-02, 1.4183e-02,\n",
      "         1.0000e-32, 1.0000e-32, 9.2914e-07, 2.0933e-08],\n",
      "        [9.7013e-01, 9.8380e-01, 9.7722e-01, 1.0000e+00, 4.4537e-02, 2.5007e-02,\n",
      "         3.4304e-03, 7.1052e-02, 1.7702e-02, 2.6797e-02, 2.2946e-02, 1.8012e-02,\n",
      "         1.0000e-32, 1.0000e-32, 6.0641e-08, 1.0000e-32],\n",
      "        [3.0918e-02, 4.0401e-02, 5.7302e-02, 4.4537e-02, 1.0000e+00, 4.0367e-01,\n",
      "         5.9703e-01, 7.2903e-01, 3.6348e-06, 3.1875e-05, 8.2411e-05, 6.7114e-07,\n",
      "         2.2725e-11, 1.0000e-32, 1.0000e-32, 3.7694e-07],\n",
      "        [2.6171e-02, 2.7584e-02, 3.6782e-02, 2.5007e-02, 4.0367e-01, 1.0000e+00,\n",
      "         6.1185e-01, 7.4292e-01, 1.0000e-32, 1.0000e-32, 1.0000e-32, 1.0000e-32,\n",
      "         1.0000e-32, 1.0000e-32, 1.0000e-32, 1.0000e-32],\n",
      "        [2.7172e-03, 3.3181e-03, 5.7555e-03, 3.4304e-03, 5.9703e-01, 6.1185e-01,\n",
      "         1.0000e+00, 6.1443e-01, 1.0000e-32, 1.0000e-32, 1.0000e-32, 1.0000e-32,\n",
      "         1.0000e-32, 1.0000e-32, 1.0000e-32, 1.0000e-32],\n",
      "        [6.2867e-02, 7.5116e-02, 9.8028e-02, 7.1052e-02, 7.2903e-01, 7.4292e-01,\n",
      "         6.1443e-01, 1.0000e+00, 1.0000e-32, 2.3944e-06, 3.6585e-06, 1.0000e-32,\n",
      "         1.0000e-32, 1.0000e-32, 1.0000e-32, 1.0000e-32],\n",
      "        [1.7565e-02, 1.5917e-02, 1.4393e-02, 1.7702e-02, 3.6348e-06, 1.0000e-32,\n",
      "         1.0000e-32, 1.0000e-32, 1.0000e+00, 7.8080e-01, 9.3676e-01, 9.2921e-01,\n",
      "         1.0000e-32, 1.0000e-32, 1.0000e-32, 1.0000e-32],\n",
      "        [2.6259e-02, 2.4609e-02, 2.3456e-02, 2.6797e-02, 3.1875e-05, 1.0000e-32,\n",
      "         1.0000e-32, 2.3944e-06, 7.8080e-01, 1.0000e+00, 8.3412e-01, 6.7541e-01,\n",
      "         1.0000e-32, 1.0000e-32, 1.0000e-32, 1.0000e-32],\n",
      "        [2.2498e-02, 2.1254e-02, 2.0103e-02, 2.2946e-02, 8.2411e-05, 1.0000e-32,\n",
      "         1.0000e-32, 3.6585e-06, 9.3676e-01, 8.3412e-01, 1.0000e+00, 8.8486e-01,\n",
      "         1.0000e-32, 1.0000e-32, 1.0000e-32, 1.0000e-32],\n",
      "        [1.6956e-02, 1.5634e-02, 1.4183e-02, 1.8012e-02, 6.7114e-07, 1.0000e-32,\n",
      "         1.0000e-32, 1.0000e-32, 9.2921e-01, 6.7541e-01, 8.8486e-01, 1.0000e+00,\n",
      "         1.0000e-32, 1.0000e-32, 1.0000e-32, 1.0000e-32],\n",
      "        [1.0000e-32, 1.0000e-32, 1.0000e-32, 1.0000e-32, 2.2725e-11, 1.0000e-32,\n",
      "         1.0000e-32, 1.0000e-32, 1.0000e-32, 1.0000e-32, 1.0000e-32, 1.0000e-32,\n",
      "         1.0000e+00, 9.5910e-01, 6.7879e-01, 8.7562e-01],\n",
      "        [1.0000e-32, 1.0000e-32, 1.0000e-32, 1.0000e-32, 1.0000e-32, 1.0000e-32,\n",
      "         1.0000e-32, 1.0000e-32, 1.0000e-32, 1.0000e-32, 1.0000e-32, 1.0000e-32,\n",
      "         9.5910e-01, 1.0000e+00, 7.8265e-01, 8.9174e-01],\n",
      "        [3.7003e-09, 8.6679e-08, 9.2914e-07, 6.0641e-08, 1.0000e-32, 1.0000e-32,\n",
      "         1.0000e-32, 1.0000e-32, 1.0000e-32, 1.0000e-32, 1.0000e-32, 1.0000e-32,\n",
      "         6.7879e-01, 7.8265e-01, 1.0000e+00, 8.6541e-01],\n",
      "        [1.0000e-32, 1.0000e-32, 2.0933e-08, 1.0000e-32, 3.7694e-07, 1.0000e-32,\n",
      "         1.0000e-32, 1.0000e-32, 1.0000e-32, 1.0000e-32, 1.0000e-32, 1.0000e-32,\n",
      "         8.7562e-01, 8.9174e-01, 8.6541e-01, 1.0000e+00]], device='cuda:0')\n"
     ]
    },
    {
     "name": "stderr",
     "output_type": "stream",
     "text": [
      "Validating: 100%|██████████| 8/8 [00:06<00:00,  1.19it/s, acc=0.995, loss=0.0814]\n"
     ]
    },
    {
     "name": "stdout",
     "output_type": "stream",
     "text": [
      "Epoch 6/16 - Train Loss: 0.0723, Train Acc: 0.9918, Val Loss: 0.1152, Val Acc: 0.9910\n",
      "Model saved to font_identifier_model(dot)_epoch_6.pth\n"
     ]
    },
    {
     "name": "stderr",
     "output_type": "stream",
     "text": [
      "Epoch 7 - Collecting val samples: 100%|██████████| 128/128 [00:07<00:00, 17.99it/s]\n",
      "Epoch 7 - Collecting train samples: 100%|██████████| 1024/1024 [00:59<00:00, 17.10it/s]\n",
      "Epoch 7 - Training:  81%|████████▏ | 52/64 [00:46<00:10,  1.14it/s, acc=0.996, loss=0.0695]"
     ]
    },
    {
     "name": "stdout",
     "output_type": "stream",
     "text": [
      "Sim Matrix: tensor([[1.0000e+00, 8.2718e-01, 9.6597e-01, 7.0409e-01, 1.0000e-32, 1.0000e-32,\n",
      "         1.0000e-32, 1.0000e-32, 1.2132e-02, 5.8865e-04, 1.8077e-03, 7.4998e-08,\n",
      "         1.0000e-32, 1.0000e-32, 1.0000e-32, 1.0000e-32],\n",
      "        [8.2718e-01, 1.0000e+00, 8.6863e-01, 7.7266e-01, 1.0000e-32, 1.0000e-32,\n",
      "         1.0000e-32, 1.0000e-32, 4.7185e-03, 4.2109e-04, 4.7859e-04, 1.0000e-32,\n",
      "         1.0000e-32, 1.0000e-32, 1.0000e-32, 1.0000e-32],\n",
      "        [9.6597e-01, 8.6863e-01, 1.0000e+00, 7.1523e-01, 1.0000e-32, 1.0000e-32,\n",
      "         1.0000e-32, 1.0000e-32, 1.0330e-02, 3.8416e-04, 1.4601e-03, 3.8009e-06,\n",
      "         1.0000e-32, 1.0000e-32, 1.0000e-32, 1.0000e-32],\n",
      "        [7.0409e-01, 7.7266e-01, 7.1523e-01, 1.0000e+00, 1.0000e-32, 1.0000e-32,\n",
      "         1.0000e-32, 1.0000e-32, 3.1666e-04, 8.2010e-08, 3.2526e-06, 1.0000e-32,\n",
      "         1.0000e-32, 1.0000e-32, 1.0000e-32, 1.0000e-32],\n",
      "        [1.0000e-32, 1.0000e-32, 1.0000e-32, 1.0000e-32, 1.0000e+00, 7.3056e-01,\n",
      "         7.7499e-01, 7.9636e-01, 1.0000e-32, 1.0000e-32, 1.0000e-32, 1.0000e-32,\n",
      "         1.1569e-05, 8.0467e-06, 8.5582e-05, 4.7410e-05],\n",
      "        [1.0000e-32, 1.0000e-32, 1.0000e-32, 1.0000e-32, 7.3056e-01, 1.0000e+00,\n",
      "         9.2948e-01, 9.4967e-01, 1.0000e-32, 1.0000e-32, 1.0000e-32, 1.0000e-32,\n",
      "         7.2613e-06, 7.4662e-06, 6.8739e-05, 3.0742e-05],\n",
      "        [1.0000e-32, 1.0000e-32, 1.0000e-32, 1.0000e-32, 7.7499e-01, 9.2948e-01,\n",
      "         1.0000e+00, 9.2952e-01, 1.0000e-32, 1.0000e-32, 1.0000e-32, 1.0000e-32,\n",
      "         1.8656e-05, 1.1690e-05, 1.4067e-04, 6.8010e-05],\n",
      "        [1.0000e-32, 1.0000e-32, 1.0000e-32, 1.0000e-32, 7.9636e-01, 9.4967e-01,\n",
      "         9.2952e-01, 1.0000e+00, 1.0000e-32, 1.0000e-32, 1.0000e-32, 1.0000e-32,\n",
      "         3.9228e-07, 1.2504e-06, 1.2944e-05, 4.2886e-06],\n",
      "        [1.2132e-02, 4.7185e-03, 1.0330e-02, 3.1666e-04, 1.0000e-32, 1.0000e-32,\n",
      "         1.0000e-32, 1.0000e-32, 1.0000e+00, 7.4648e-01, 9.1791e-01, 3.6603e-01,\n",
      "         1.0000e-32, 1.0000e-32, 1.0000e-32, 1.0000e-32],\n",
      "        [5.8865e-04, 4.2109e-04, 3.8416e-04, 8.2010e-08, 1.0000e-32, 1.0000e-32,\n",
      "         1.0000e-32, 1.0000e-32, 7.4648e-01, 1.0000e+00, 8.2019e-01, 3.3078e-01,\n",
      "         1.0000e-32, 1.0000e-32, 1.0000e-32, 1.0000e-32],\n",
      "        [1.8077e-03, 4.7859e-04, 1.4601e-03, 3.2526e-06, 1.0000e-32, 1.0000e-32,\n",
      "         1.0000e-32, 1.0000e-32, 9.1791e-01, 8.2019e-01, 1.0000e+00, 5.1107e-01,\n",
      "         1.0000e-32, 1.0000e-32, 1.0000e-32, 1.0000e-32],\n",
      "        [7.4998e-08, 1.0000e-32, 3.8009e-06, 1.0000e-32, 1.0000e-32, 1.0000e-32,\n",
      "         1.0000e-32, 1.0000e-32, 3.6603e-01, 3.3078e-01, 5.1107e-01, 1.0000e+00,\n",
      "         1.0000e-32, 1.0000e-32, 1.0000e-32, 1.0000e-32],\n",
      "        [1.0000e-32, 1.0000e-32, 1.0000e-32, 1.0000e-32, 1.1569e-05, 7.2613e-06,\n",
      "         1.8656e-05, 3.9228e-07, 1.0000e-32, 1.0000e-32, 1.0000e-32, 1.0000e-32,\n",
      "         1.0000e+00, 8.5411e-01, 8.9166e-01, 9.5637e-01],\n",
      "        [1.0000e-32, 1.0000e-32, 1.0000e-32, 1.0000e-32, 8.0467e-06, 7.4662e-06,\n",
      "         1.1690e-05, 1.2504e-06, 1.0000e-32, 1.0000e-32, 1.0000e-32, 1.0000e-32,\n",
      "         8.5411e-01, 1.0000e+00, 6.6916e-01, 7.8542e-01],\n",
      "        [1.0000e-32, 1.0000e-32, 1.0000e-32, 1.0000e-32, 8.5582e-05, 6.8739e-05,\n",
      "         1.4067e-04, 1.2944e-05, 1.0000e-32, 1.0000e-32, 1.0000e-32, 1.0000e-32,\n",
      "         8.9166e-01, 6.6916e-01, 1.0000e+00, 9.7141e-01],\n",
      "        [1.0000e-32, 1.0000e-32, 1.0000e-32, 1.0000e-32, 4.7410e-05, 3.0742e-05,\n",
      "         6.8010e-05, 4.2886e-06, 1.0000e-32, 1.0000e-32, 1.0000e-32, 1.0000e-32,\n",
      "         9.5637e-01, 7.8542e-01, 9.7141e-01, 1.0000e+00]], device='cuda:0',\n",
      "       grad_fn=<PowBackward0>)\n"
     ]
    },
    {
     "name": "stderr",
     "output_type": "stream",
     "text": [
      "Epoch 7 - Training: 100%|██████████| 64/64 [00:57<00:00,  1.11it/s, acc=0.999, loss=0.0588]\n",
      "Validating: 100%|██████████| 8/8 [00:06<00:00,  1.15it/s, acc=1, loss=0.0781]    \n"
     ]
    },
    {
     "name": "stdout",
     "output_type": "stream",
     "text": [
      "Epoch 7/16 - Train Loss: 0.0688, Train Acc: 0.9933, Val Loss: 0.0891, Val Acc: 0.9982\n",
      "Model saved to font_identifier_model(dot)_epoch_7.pth\n"
     ]
    },
    {
     "name": "stderr",
     "output_type": "stream",
     "text": [
      "Epoch 8 - Collecting val samples: 100%|██████████| 128/128 [00:07<00:00, 17.66it/s]\n",
      "Epoch 8 - Collecting train samples: 100%|██████████| 1024/1024 [01:00<00:00, 17.06it/s]\n",
      "Epoch 8 - Training:  14%|█▍        | 9/64 [00:08<00:50,  1.09it/s, acc=0.992, loss=0.0633]"
     ]
    },
    {
     "name": "stdout",
     "output_type": "stream",
     "text": [
      "Sim Matrix: tensor([[1.0000e+00, 9.3154e-01, 9.8097e-01, 9.0901e-01, 1.0000e-32, 1.0000e-32,\n",
      "         1.0000e-32, 1.0000e-32, 3.8320e-04, 1.5667e-04, 1.2282e-04, 3.3950e-04,\n",
      "         2.6338e-04, 1.9812e-05, 4.1993e-04, 1.3940e-03],\n",
      "        [9.3154e-01, 1.0000e+00, 9.1342e-01, 9.3885e-01, 1.0000e-32, 1.0000e-32,\n",
      "         1.0000e-32, 1.0000e-32, 1.1488e-03, 4.7966e-04, 3.9774e-04, 8.8487e-04,\n",
      "         5.2463e-05, 1.1269e-07, 7.6702e-05, 4.6888e-04],\n",
      "        [9.8097e-01, 9.1342e-01, 1.0000e+00, 8.7312e-01, 1.0000e-32, 1.0000e-32,\n",
      "         1.0000e-32, 1.0000e-32, 1.8287e-04, 5.9186e-05, 4.2602e-05, 1.5269e-04,\n",
      "         6.2464e-04, 9.2250e-05, 9.7012e-04, 2.7845e-03],\n",
      "        [9.0901e-01, 9.3885e-01, 8.7312e-01, 1.0000e+00, 1.0000e-32, 1.0000e-32,\n",
      "         1.0000e-32, 1.0000e-32, 2.5693e-03, 1.4784e-03, 1.3061e-03, 2.0243e-03,\n",
      "         6.9054e-04, 1.0985e-04, 8.9235e-04, 1.8787e-03],\n",
      "        [1.0000e-32, 1.0000e-32, 1.0000e-32, 1.0000e-32, 1.0000e+00, 8.1272e-01,\n",
      "         5.6517e-01, 7.3818e-01, 1.0000e-32, 1.0000e-32, 1.0000e-32, 1.0000e-32,\n",
      "         1.0000e-32, 1.0000e-32, 8.5031e-07, 1.0000e-32],\n",
      "        [1.0000e-32, 1.0000e-32, 1.0000e-32, 1.0000e-32, 8.1272e-01, 1.0000e+00,\n",
      "         6.3756e-01, 8.7574e-01, 1.0000e-32, 1.0000e-32, 1.0000e-32, 1.0000e-32,\n",
      "         1.0000e-32, 1.0000e-32, 1.0000e-32, 1.0000e-32],\n",
      "        [1.0000e-32, 1.0000e-32, 1.0000e-32, 1.0000e-32, 5.6517e-01, 6.3756e-01,\n",
      "         1.0000e+00, 8.2488e-01, 1.0000e-32, 4.7586e-06, 7.3532e-06, 2.5300e-06,\n",
      "         1.0000e-32, 1.0000e-32, 2.7131e-07, 1.0000e-32],\n",
      "        [1.0000e-32, 1.0000e-32, 1.0000e-32, 1.0000e-32, 7.3818e-01, 8.7574e-01,\n",
      "         8.2488e-01, 1.0000e+00, 1.0000e-32, 1.4287e-06, 2.6635e-06, 9.3024e-06,\n",
      "         1.0000e-32, 1.0000e-32, 1.0000e-32, 1.0000e-32],\n",
      "        [3.8320e-04, 1.1488e-03, 1.8287e-04, 2.5693e-03, 1.0000e-32, 1.0000e-32,\n",
      "         1.0000e-32, 1.0000e-32, 1.0000e+00, 8.9759e-01, 8.9354e-01, 7.7953e-01,\n",
      "         5.9519e-05, 1.5983e-05, 1.3296e-04, 1.4043e-05],\n",
      "        [1.5667e-04, 4.7966e-04, 5.9186e-05, 1.4784e-03, 1.0000e-32, 1.0000e-32,\n",
      "         4.7586e-06, 1.4287e-06, 8.9759e-01, 1.0000e+00, 9.9487e-01, 8.3506e-01,\n",
      "         1.8904e-04, 1.2952e-04, 4.0883e-04, 6.0527e-05],\n",
      "        [1.2282e-04, 3.9774e-04, 4.2602e-05, 1.3061e-03, 1.0000e-32, 1.0000e-32,\n",
      "         7.3532e-06, 2.6635e-06, 8.9354e-01, 9.9487e-01, 1.0000e+00, 8.0588e-01,\n",
      "         2.2279e-04, 1.6635e-04, 4.6997e-04, 6.5009e-05],\n",
      "        [3.3950e-04, 8.8487e-04, 1.5269e-04, 2.0243e-03, 1.0000e-32, 1.0000e-32,\n",
      "         2.5300e-06, 9.3024e-06, 7.7953e-01, 8.3506e-01, 8.0588e-01, 1.0000e+00,\n",
      "         2.6875e-06, 4.3154e-07, 2.3357e-05, 6.5952e-08],\n",
      "        [2.6338e-04, 5.2463e-05, 6.2464e-04, 6.9054e-04, 1.0000e-32, 1.0000e-32,\n",
      "         1.0000e-32, 1.0000e-32, 5.9519e-05, 1.8904e-04, 2.2279e-04, 2.6875e-06,\n",
      "         1.0000e+00, 8.4160e-01, 8.8471e-01, 8.7184e-01],\n",
      "        [1.9812e-05, 1.1269e-07, 9.2250e-05, 1.0985e-04, 1.0000e-32, 1.0000e-32,\n",
      "         1.0000e-32, 1.0000e-32, 1.5983e-05, 1.2952e-04, 1.6635e-04, 4.3154e-07,\n",
      "         8.4160e-01, 1.0000e+00, 9.1286e-01, 6.4554e-01],\n",
      "        [4.1993e-04, 7.6702e-05, 9.7012e-04, 8.9235e-04, 8.5031e-07, 1.0000e-32,\n",
      "         2.7131e-07, 1.0000e-32, 1.3296e-04, 4.0883e-04, 4.6997e-04, 2.3357e-05,\n",
      "         8.8471e-01, 9.1286e-01, 1.0000e+00, 7.1333e-01],\n",
      "        [1.3940e-03, 4.6888e-04, 2.7845e-03, 1.8787e-03, 1.0000e-32, 1.0000e-32,\n",
      "         1.0000e-32, 1.0000e-32, 1.4043e-05, 6.0527e-05, 6.5009e-05, 6.5952e-08,\n",
      "         8.7184e-01, 6.4554e-01, 7.1333e-01, 1.0000e+00]], device='cuda:0',\n",
      "       grad_fn=<PowBackward0>)\n"
     ]
    },
    {
     "name": "stderr",
     "output_type": "stream",
     "text": [
      "Epoch 8 - Training: 100%|██████████| 64/64 [00:58<00:00,  1.10it/s, acc=0.995, loss=0.0629]\n",
      "Validating: 100%|██████████| 8/8 [00:06<00:00,  1.18it/s, acc=0.999, loss=0.186]\n"
     ]
    },
    {
     "name": "stdout",
     "output_type": "stream",
     "text": [
      "Epoch 8/16 - Train Loss: 0.0656, Train Acc: 0.9949, Val Loss: 0.1557, Val Acc: 0.9937\n",
      "Model saved to font_identifier_model(dot)_epoch_8.pth\n"
     ]
    },
    {
     "name": "stderr",
     "output_type": "stream",
     "text": [
      "Epoch 9 - Collecting val samples: 100%|██████████| 128/128 [00:07<00:00, 17.61it/s]\n",
      "Epoch 9 - Collecting train samples: 100%|██████████| 1024/1024 [00:59<00:00, 17.10it/s]\n",
      "Epoch 9 - Training:  12%|█▎        | 8/64 [00:07<00:54,  1.02it/s, acc=0.997, loss=0.045] "
     ]
    },
    {
     "name": "stdout",
     "output_type": "stream",
     "text": [
      "Sim Matrix: tensor([[1.0000e+00, 7.2498e-01, 8.7032e-01, 7.7379e-01, 1.0000e-32, 1.0000e-32,\n",
      "         1.0000e-32, 7.3093e-05, 2.0714e-04, 3.2327e-05, 7.6064e-07, 3.0622e-04,\n",
      "         1.0000e-32, 1.0000e-32, 1.0000e-32, 1.0000e-32],\n",
      "        [7.2498e-01, 1.0000e+00, 5.4944e-01, 7.0516e-01, 1.0000e-32, 1.0000e-32,\n",
      "         1.0000e-32, 5.0489e-07, 9.9921e-04, 4.8874e-04, 4.8242e-05, 5.7423e-04,\n",
      "         1.0000e-32, 1.0000e-32, 1.0000e-32, 1.0000e-32],\n",
      "        [8.7032e-01, 5.4944e-01, 1.0000e+00, 6.6773e-01, 1.0000e-32, 1.0000e-32,\n",
      "         1.0000e-32, 5.5051e-05, 8.9023e-04, 2.6204e-04, 3.8576e-05, 7.2755e-04,\n",
      "         1.0000e-32, 1.0000e-32, 1.0000e-32, 1.0000e-32],\n",
      "        [7.7379e-01, 7.0516e-01, 6.6773e-01, 1.0000e+00, 8.0173e-05, 3.2199e-06,\n",
      "         1.2937e-07, 1.9193e-03, 7.4161e-04, 1.8542e-04, 1.7480e-05, 4.4398e-04,\n",
      "         1.0000e-32, 1.0000e-32, 1.0000e-32, 1.0000e-32],\n",
      "        [1.0000e-32, 1.0000e-32, 1.0000e-32, 8.0173e-05, 1.0000e+00, 8.1840e-01,\n",
      "         7.6213e-01, 8.5782e-01, 1.0000e-32, 1.0000e-32, 1.0000e-32, 1.0000e-32,\n",
      "         1.0254e-02, 1.5209e-03, 7.0472e-04, 9.2519e-04],\n",
      "        [1.0000e-32, 1.0000e-32, 1.0000e-32, 3.2199e-06, 8.1840e-01, 1.0000e+00,\n",
      "         6.9940e-01, 8.6243e-01, 1.0000e-32, 1.0000e-32, 1.0000e-32, 1.0000e-32,\n",
      "         4.0696e-02, 1.4067e-02, 8.4348e-03, 1.0947e-02],\n",
      "        [1.0000e-32, 1.0000e-32, 1.0000e-32, 1.2937e-07, 7.6213e-01, 6.9940e-01,\n",
      "         1.0000e+00, 6.7854e-01, 1.0000e-32, 1.0000e-32, 1.0000e-32, 1.0000e-32,\n",
      "         3.5924e-02, 1.0557e-02, 1.2790e-02, 3.9352e-03],\n",
      "        [7.3093e-05, 5.0489e-07, 5.5051e-05, 1.9193e-03, 8.5782e-01, 8.6243e-01,\n",
      "         6.7854e-01, 1.0000e+00, 1.0000e-32, 1.0000e-32, 1.0000e-32, 1.0000e-32,\n",
      "         2.8593e-02, 7.6299e-03, 4.3992e-03, 5.3166e-03],\n",
      "        [2.0714e-04, 9.9921e-04, 8.9023e-04, 7.4161e-04, 1.0000e-32, 1.0000e-32,\n",
      "         1.0000e-32, 1.0000e-32, 1.0000e+00, 9.3331e-01, 9.1240e-01, 7.8989e-01,\n",
      "         1.0000e-32, 7.9996e-06, 2.9149e-08, 3.6743e-05],\n",
      "        [3.2327e-05, 4.8874e-04, 2.6204e-04, 1.8542e-04, 1.0000e-32, 1.0000e-32,\n",
      "         1.0000e-32, 1.0000e-32, 9.3331e-01, 1.0000e+00, 8.3728e-01, 6.7442e-01,\n",
      "         6.7210e-07, 5.3819e-05, 7.8063e-06, 1.1947e-04],\n",
      "        [7.6064e-07, 4.8242e-05, 3.8576e-05, 1.7480e-05, 1.0000e-32, 1.0000e-32,\n",
      "         1.0000e-32, 1.0000e-32, 9.1240e-01, 8.3728e-01, 1.0000e+00, 8.8545e-01,\n",
      "         2.5716e-06, 1.0383e-04, 3.2525e-05, 1.6319e-04],\n",
      "        [3.0622e-04, 5.7423e-04, 7.2755e-04, 4.4398e-04, 1.0000e-32, 1.0000e-32,\n",
      "         1.0000e-32, 1.0000e-32, 7.8989e-01, 6.7442e-01, 8.8545e-01, 1.0000e+00,\n",
      "         5.5012e-06, 2.1783e-04, 5.9703e-05, 3.3970e-04],\n",
      "        [1.0000e-32, 1.0000e-32, 1.0000e-32, 1.0000e-32, 1.0254e-02, 4.0696e-02,\n",
      "         3.5924e-02, 2.8593e-02, 1.0000e-32, 6.7210e-07, 2.5716e-06, 5.5012e-06,\n",
      "         1.0000e+00, 8.1481e-01, 7.3789e-01, 6.2809e-01],\n",
      "        [1.0000e-32, 1.0000e-32, 1.0000e-32, 1.0000e-32, 1.5209e-03, 1.4067e-02,\n",
      "         1.0557e-02, 7.6299e-03, 7.9996e-06, 5.3819e-05, 1.0383e-04, 2.1783e-04,\n",
      "         8.1481e-01, 1.0000e+00, 8.2636e-01, 8.8053e-01],\n",
      "        [1.0000e-32, 1.0000e-32, 1.0000e-32, 1.0000e-32, 7.0472e-04, 8.4348e-03,\n",
      "         1.2790e-02, 4.3992e-03, 2.9149e-08, 7.8063e-06, 3.2525e-05, 5.9703e-05,\n",
      "         7.3789e-01, 8.2636e-01, 1.0000e+00, 5.4092e-01],\n",
      "        [1.0000e-32, 1.0000e-32, 1.0000e-32, 1.0000e-32, 9.2519e-04, 1.0947e-02,\n",
      "         3.9352e-03, 5.3166e-03, 3.6743e-05, 1.1947e-04, 1.6319e-04, 3.3970e-04,\n",
      "         6.2809e-01, 8.8053e-01, 5.4092e-01, 1.0000e+00]], device='cuda:0',\n",
      "       grad_fn=<PowBackward0>)\n"
     ]
    },
    {
     "name": "stderr",
     "output_type": "stream",
     "text": [
      "Epoch 9 - Training:  44%|████▍     | 28/64 [00:25<00:31,  1.14it/s, acc=0.996, loss=0.0638]"
     ]
    },
    {
     "name": "stdout",
     "output_type": "stream",
     "text": [
      "Sim Matrix: tensor([[1.0000e+00, 9.5363e-01, 8.5516e-01, 8.3535e-01, 5.6309e-06, 1.0000e-32,\n",
      "         4.5696e-05, 1.4360e-05, 1.0000e-32, 1.0000e-32, 1.0000e-32, 1.0000e-32,\n",
      "         3.4615e-01, 9.5476e-02, 2.0868e-01, 4.8072e-01],\n",
      "        [9.5363e-01, 1.0000e+00, 8.7402e-01, 9.2405e-01, 5.8531e-06, 1.0000e-32,\n",
      "         6.7673e-05, 1.9440e-05, 1.0000e-32, 1.0000e-32, 1.0000e-32, 1.0000e-32,\n",
      "         2.6852e-01, 9.4192e-02, 1.9854e-01, 4.4073e-01],\n",
      "        [8.5516e-01, 8.7402e-01, 1.0000e+00, 7.0342e-01, 5.2957e-05, 1.0000e-32,\n",
      "         2.7507e-04, 9.9663e-05, 1.0000e-32, 1.0000e-32, 1.0000e-32, 1.0000e-32,\n",
      "         3.0728e-01, 9.6820e-02, 2.0033e-01, 4.8812e-01],\n",
      "        [8.3535e-01, 9.2405e-01, 7.0342e-01, 1.0000e+00, 1.0000e-32, 1.0000e-32,\n",
      "         3.0086e-06, 5.1351e-08, 1.0000e-32, 1.0000e-32, 1.0000e-32, 1.0000e-32,\n",
      "         1.9013e-01, 6.4999e-02, 1.2121e-01, 2.9198e-01],\n",
      "        [5.6309e-06, 5.8531e-06, 5.2957e-05, 1.0000e-32, 1.0000e+00, 7.2021e-01,\n",
      "         9.2647e-01, 9.6883e-01, 1.0000e-32, 1.0000e-32, 1.0000e-32, 1.0000e-32,\n",
      "         4.2616e-04, 4.8629e-04, 1.6027e-03, 1.7045e-03],\n",
      "        [1.0000e-32, 1.0000e-32, 1.0000e-32, 1.0000e-32, 7.2021e-01, 1.0000e+00,\n",
      "         6.0826e-01, 6.2429e-01, 1.0000e-32, 1.0000e-32, 1.0000e-32, 1.0000e-32,\n",
